69116 69098 69114 69099 69104 69111 69110 #UTIL: 212868233.00000
69116 69105 69098 69102 69111 69110 #UTIL: 213055657.00000
69117 69098 69099 69111 69110 #UTIL: 212874643.00000
69115 69109 69099 69104 69111 69110 #UTIL: 213062610.00000
69109 69098 69110 #UTIL: 213156781.00000
69105 69098 69114 69102 69111 #UTIL: 212890855.00000
69100 69098 69114 69112 69099 69102 69111 69110 #UTIL: 212975013.00000
69109 69098 69114 69104 69102 69111 #UTIL: 213473661.00000
69115 69105 69098 69112 69102 69111 69110 #UTIL: 213313405.00000
69116 69112 69104 69102 69110 #UTIL: 213185471.00000
69105 69114 69112 69104 69110 #UTIL: 213274012.00000
69100 69112 69104 69102 69110 #UTIL: 213164443.00000
69105 69109 69114 69112 69099 69104 69111 69110 #UTIL: 213102854.00000
69114 69104 69102 #UTIL: 213014335.00000
69109 69111 #UTIL: 214251880.00000
69115 69099 69102 69111 #UTIL: 214625013.00000
69109 69114 69112 69099 69104 69102 69111 #UTIL: 214528196.00000
69115 69109 69114 69099 69104 69102 69111 69110 #UTIL: 213822231.00000
69115 69112 69104 69102 69111 #UTIL: 214231179.00000
69120 69123 69125 69121 #UTIL: 213283286.00000
69109 69099 69111 #UTIL: 213457806.00000
69116 69109 69114 69104 69102 69111 69110 #UTIL: 213298868.00000
69116 69099 69102 69110 #UTIL: 215885484.00000
69100 69105 69111 69110 #UTIL: 213361882.00000
69105 69109 69098 69114 69104 69111 69110 #UTIL: 213438137.00000
69115 69114 69099 69104 69102 69110 #UTIL: 213528118.00000
69117 69114 69099 69111 69110 #UTIL: 215376327.00000
69106 69098 69112 69102 69111 69110 #UTIL: 213057824.00000
69115 69109 69114 69099 69102 69111 69110 #UTIL: 213065768.00000
69100 69109 69112 69102 69111 69110 #UTIL: 214938792.00000
69116 69098 69114 69112 69099 69102 69111 69110 #UTIL: 214965804.00000
69098 69114 69112 69099 69111 #UTIL: 214783877.00000
69116 69098 69112 69099 69104 69111 69110 #UTIL: 215320981.00000
69106 69112 69104 69111 69110 #UTIL: 215246326.00000
69105 69114 69112 69099 69102 69111 #UTIL: 214761444.00000
69100 69105 69114 69104 69102 69111 69110 #UTIL: 215664798.00000
69100 69098 69112 69099 69104 69111 69110 #UTIL: 213936840.00000
69116 69114 69112 69099 69104 69111 69110 #UTIL: 216632896.00000
69116 69105 69114 69102 69111 69110 #UTIL: 214768421.00000
69106 69098 69112 69104 69102 69111 69110 #UTIL: 213376203.00000
69117 69098 69114 69099 69102 69111 69110 #UTIL: 214305957.00000
69117 69114 69099 69104 69111 69110 #UTIL: 216137416.00000
69109 69114 69099 69104 69110 #UTIL: 215178837.00000
69109 69098 69112 69102 69111 #UTIL: 213941505.00000
69100 69105 69098 69104 69102 69111 69110 #UTIL: 213823433.00000
69109 69098 69114 69099 69104 69102 69110 #UTIL: 217520672.00000
69115 69105 69114 69099 69102 69111 69110 #UTIL: 216842959.00000
69106 69114 69112 69102 69111 69110 #UTIL: 214706883.00000
69100 69105 69104 69111 69110 #UTIL: 214552926.00000
69100 69098 69114 69112 69099 69104 69102 69111 69110 #UTIL: 214335283.00000
69115 69105 69098 69099 69104 69102 69111 69110 #UTIL: 214717510.00000
69115 69105 69098 69099 69102 69111 69110 #UTIL: 213816664.00000
69116 69098 69112 69099 69111 69110 #UTIL: 214036858.00000
69109 69112 69099 69110 #UTIL: 215650464.00000
69109 69114 69112 69102 69111 #UTIL: 215763456.00000
69115 69105 69112 69111 69110 #UTIL: 214896430.00000
69117 69098 69099 69104 69111 69110 #UTIL: 213881128.00000
69117 69112 69099 69111 69110 #UTIL: 217121929.00000
69117 69098 69114 69099 69104 69102 69111 69110 #UTIL: 215692820.00000
69116 69114 69112 69111 69110 #UTIL: 222178468.00000
69117 69114 69112 69099 69102 69111 69110 #UTIL: 217422998.00000
69115 69105 69114 69112 69102 69111 69110 #UTIL: 215185538.00000
69115 69098 69114 69099 69104 69111 69110 #UTIL: 219550721.00000
69105 69109 69098 69114 69112 69104 69102 69111 69110 #UTIL: 218652494.00000
69105 69109 69098 69112 69111 69110 #UTIL: 215660132.00000
69105 69109 69098 69112 69104 69111 69110 #UTIL: 217435667.00000
69100 69109 69112 69104 69102 69111 69110 #UTIL: 216103686.00000
69105 69109 69098 69114 69112 69102 69111 69110 #UTIL: 216947532.00000
69116 69114 69112 69099 69111 69110 #UTIL: 215515204.00000
69116 69098 69114 69112 69099 69104 69102 69111 69110 #UTIL: 216355565.00000
69100 69109 69099 69102 69111 69110 #UTIL: 216646124.00000
69116 69098 69112 69104 69111 69110 #UTIL: 222320544.00000
69115 69098 69114 69112 69111 69110 #UTIL: 215701659.00000
69100 69105 69114 69102 69111 69110 #UTIL: 214665288.00000
69116 69105 69104 69111 69110 #UTIL: 214374620.00000
69105 69109 69098 69099 69111 69110 #UTIL: 217210126.00000
69115 69098 69104 69102 69110 #UTIL: 217063645.00000
69116 69109 69112 69104 69102 69111 69110 #UTIL: 217306990.00000
69115 69098 69102 69110 #UTIL: 215004597.00000
69105 69109 69114 69112 69111 69110 #UTIL: 218283044.00000
69115 69114 69102 69110 #UTIL: 216448910.00000
69115 69098 69114 69099 69111 69110 #UTIL: 219323684.00000
69115 69112 69099 69102 69110 #UTIL: 214447989.00000
69109 69099 69104 69111 #UTIL: 217107851.00000
69115 69098 69112 69099 69111 69110 #UTIL: 222181482.00000
69105 69109 69102 69110 #UTIL: 215371369.00000
69117 69098 69112 69104 69102 69111 69110 #UTIL: 225157040.00000
69105 69098 69099 69104 69110 #UTIL: 215447702.00000
69105 69112 69104 69111 #UTIL: 216170994.00000
69109 69114 69110 #UTIL: 214898988.00000
69116 69109 69112 69102 69111 69110 #UTIL: 216501758.00000
69105 69109 69098 69112 69099 69102 69111 69110 #UTIL: 221191109.00000
69112 69104 69102 #UTIL: 219133825.00000
69109 69098 69099 69104 69102 69111 #UTIL: 220351389.00000
69116 69109 69099 69102 69111 69110 #UTIL: 218526140.00000
69105 69098 69114 69104 69102 69111 #UTIL: 216934040.00000
69100 69099 69102 69110 #UTIL: 214927735.00000
69117 69109 69102 69111 69110 #UTIL: 214969305.00000
69100 69114 69112 69099 69104 69111 69110 #UTIL: 215259498.00000
69120 69125 69121 #UTIL: 223509815.00000
69109 69098 69114 69112 69104 69102 69110 #UTIL: 214655361.00000
69106 69112 69111 69110 #UTIL: 215551241.00000
69100 69114 69112 69099 69104 69102 69111 69110 #UTIL: 227631105.00000
69100 69114 69112 69099 69111 69110 #UTIL: 214145880.00000
69116 69098 69114 69111 69110 #UTIL: 217057004.00000
69115 69098 69114 69112 69104 69111 69110 #UTIL: 216519387.00000
69105 69098 69114 69112 69102 69110 #UTIL: 214583549.00000
69105 69114 69099 69110 #UTIL: 216167585.00000
69115 69109 69098 69104 69102 69111 69110 #UTIL: 218715504.00000
69109 69098 69104 69110 #UTIL: 216528987.00000
69105 69098 69112 69099 69104 69102 69111 #UTIL: 215784009.00000
69105 69114 69112 69102 69111 #UTIL: 219710817.00000
69109 69098 69114 69099 69102 69110 #UTIL: 215220871.00000
69106 69114 69112 69104 69102 69111 69110 #UTIL: 215008105.00000
69115 69112 69099 69104 69102 69110 #UTIL: 216406306.00000
69105 69098 69112 69099 69104 69102 69110 #UTIL: 223582076.00000
69116 69105 69112 69102 69111 69110 #UTIL: 219179683.00000
69100 69112 69099 69104 69111 69110 #UTIL: 229095489.00000
69105 69098 69114 69099 69102 69110 #UTIL: 218466337.00000
69109 69099 69110 #UTIL: 228710996.00000
69116 69098 69114 69112 69104 69102 69111 69110 #UTIL: 222736357.00000
69117 69105 69104 69102 69111 69110 #UTIL: 218400113.00000
69100 69098 69112 69111 69110 #UTIL: 220618408.00000
69105 69109 69104 69102 69110 #UTIL: 218833961.00000
69099 69102 #UTIL: 224775535.00000
69115 69098 69114 69112 69099 69104 69102 69111 69110 #UTIL: 221892632.00000
69117 69098 69111 69110 #UTIL: 220640556.00000
69105 69114 69112 69104 69102 69111 #UTIL: 223194979.00000
69109 69098 69114 69102 69110 #UTIL: 220141984.00000
69116 69112 69099 69104 69111 69110 #UTIL: 230148514.00000
69115 69109 69112 69099 69102 69111 69110 #UTIL: 216024249.00000
69115 69098 69114 69112 69099 69102 69111 69110 #UTIL: 221271693.00000
69116 69098 69114 69112 69102 69111 69110 #UTIL: 221735687.00000
69115 69114 69104 69102 69110 #UTIL: 218660987.00000
69116 69114 69099 69111 69110 #UTIL: 227422223.00000
69109 69098 69099 69102 69111 #UTIL: 217239865.00000
69100 69098 69114 69112 69102 69111 69110 #UTIL: 220368633.00000
69117 69098 69112 69099 69102 69111 69110 #UTIL: 216014412.00000
69115 69109 69112 69099 69104 69102 69111 69110 #UTIL: 216876249.00000
69109 69098 69112 69104 69102 69111 #UTIL: 218006537.00000
69115 69105 69114 69099 69104 69102 69111 69110 #UTIL: 217247127.00000
69106 69114 69099 69102 69111 69110 #UTIL: 218894065.00000
69115 69098 69099 69104 69111 69110 #UTIL: 233342166.00000
69100 69104 69102 69110 #UTIL: 223728312.00000
69105 69109 69114 69112 69099 69102 69111 69110 #UTIL: 223824200.00000
69115 69098 69114 69112 69104 69102 69111 69110 #UTIL: 229608413.00000
69115 69114 69112 69099 69104 69111 69110 #UTIL: 224510463.00000
69100 69109 69099 69104 69102 69111 69110 #UTIL: 217216849.00000
69109 69098 69114 69099 69111 69110 #UTIL: 238528971.00000
69114 69099 69104 69102 #UTIL: 215825544.00000
69109 69098 69112 69099 69102 69110 #UTIL: 217373229.00000
69115 69099 69102 69110 #UTIL: 226592842.00000
69117 69112 69099 69104 69111 69110 #UTIL: 217947081.00000
69115 69098 69112 69099 69104 69111 69110 #UTIL: 222560427.00000
69106 69114 69099 69104 69102 69111 69110 #UTIL: 218198903.00000
69117 69098 69104 69111 69110 #UTIL: 220205895.00000
69105 69098 69114 69112 69104 69102 69110 #UTIL: 217626869.00000
69105 69098 69110 #UTIL: 216444863.00000
69105 69104 69111 #UTIL: 224782738.00000
69116 69105 69102 69111 69110 #UTIL: 230349768.00000
69105 69104 69102 69111 #UTIL: 250065745.00000
69105 69109 69114 69099 69104 69111 69110 #UTIL: 221770586.00000
69109 69098 69102 69111 #UTIL: 222245429.00000
69105 69114 69104 69110 #UTIL: 222249962.00000
69115 69105 69112 69099 69104 69102 69111 69110 #UTIL: 220699835.00000
69116 69105 69098 69104 69102 69111 69110 #UTIL: 214685909.00000
69116 69105 69104 69102 69111 69110 #UTIL: 230256053.00000
69109 69114 69112 69104 69102 69110 #UTIL: 228804566.00000
69105 69098 69104 69110 #UTIL: 220244013.00000
69105 69109 69098 69112 69099 69104 69102 69111 69110 #UTIL: 222566406.00000
69105 69109 69098 69111 69110 #UTIL: 225263331.00000
69105 69098 69099 69102 69111 #UTIL: 220857556.00000
69117 69114 69104 69111 69110 #UTIL: 221553383.00000
69115 69098 69114 69104 69111 69110 #UTIL: 226254708.00000
69109 69112 69104 69102 69111 #UTIL: 233827737.00000
69105 69099 69111 #UTIL: 217403269.00000
69100 69114 69099 69111 69110 #UTIL: 226791468.00000
69117 69114 69111 69110 #UTIL: 221493669.00000
69115 69105 69099 69111 69110 #UTIL: 216617709.00000
69115 69109 69114 69102 69111 69110 #UTIL: 220509342.00000
69105 69098 69102 69111 #UTIL: 226697653.00000
69109 69114 69112 69104 69102 69111 #UTIL: 219632480.00000
69105 69114 69110 #UTIL: 218257033.00000
69115 69099 69104 69102 69110 #UTIL: 227114918.00000
69105 69114 69112 69099 69102 69110 #UTIL: 223510047.00000
69100 69105 69112 69104 69102 69111 69110 #UTIL: 219639027.00000
69116 69098 69099 69104 69111 69110 #UTIL: 225515340.00000
69116 69098 69114 69104 69102 69111 69110 #UTIL: 232817082.00000
69100 69098 69112 69104 69111 69110 #UTIL: 221422477.00000
69109 69112 69099 69104 69110 #UTIL: 218563907.00000
69109 69114 69112 69099 69102 69110 #UTIL: 219877588.00000
69116 69105 69099 69102 69111 69110 #UTIL: 220862168.00000
69100 69098 69099 69111 69110 #UTIL: 224189684.00000
69100 69105 69099 69102 69111 69110 #UTIL: 220450326.00000
69106 69098 69099 69104 69102 69111 69110 #UTIL: 215090185.00000
69100 69098 69114 69112 69104 69102 69111 69110 #UTIL: 221192941.00000
69115 69099 69104 69102 69111 #UTIL: 217223246.00000
69105 69114 69099 69102 69111 #UTIL: 224366323.00000
69116 69105 69112 69104 69102 69111 69110 #UTIL: 220182193.00000
69116 69112 69099 69104 69102 69111 69110 #UTIL: 243874306.00000
69105 69114 69102 69111 #UTIL: 229296815.00000
69105 69109 69098 69099 69104 69111 69110 #UTIL: 218415538.00000
69100 69099 69104 69102 69110 #UTIL: 216693656.00000
69100 69098 69114 69111 69110 #UTIL: 216113931.00000
69117 69109 69104 69102 69111 69110 #UTIL: 215915995.00000
69105 69109 69114 69104 69102 69111 69110 #UTIL: 244088434.00000
69117 69098 69099 69102 69111 69110 #UTIL: 228014107.00000
69116 69105 69114 69104 69102 69111 69110 #UTIL: 216094009.00000
69115 69105 69098 69112 69104 69102 69111 69110 #UTIL: 214472641.00000
69115 69105 69098 69104 69102 69111 69110 #UTIL: 223004173.00000
69120 69123 69119 69121 #UTIL: 218334128.00000
69109 69098 69112 69099 69104 69102 69110 #UTIL: 220122121.00000
69116 69099 69104 69102 69110 #UTIL: 217296299.00000
69105 69109 69114 69099 69111 69110 #UTIL: 221001379.00000
69106 69098 69099 69102 69111 69110 #UTIL: 215292874.00000
69105 69111 #UTIL: 218064315.00000
69117 69105 69102 69111 69110 #UTIL: 217338677.00000
69115 69114 69099 69111 69110 #UTIL: 238209661.00000
69105 69109 69114 69112 69104 69111 69110 #UTIL: 219935088.00000
69105 69109 69098 69112 69102 69111 69110 #UTIL: 229931699.00000
69105 69098 69112 69102 69111 #UTIL: 218050064.00000
69116 69105 69099 69104 69102 69111 69110 #UTIL: 221145135.00000
69105 69114 69112 69099 69104 69102 69111 #UTIL: 217739412.00000
69105 69099 69104 69111 #UTIL: 221006174.00000
69109 69098 69114 69104 69102 69110 #UTIL: 222797839.00000
69105 69109 69114 69112 69099 69104 69102 69111 69110 #UTIL: 224856455.00000
69117 69098 69112 69099 69104 69102 69111 69110 #UTIL: 217795237.00000
69117 69114 69112 69099 69104 69102 69111 69110 #UTIL: 218812390.00000
69100 69098 69099 69104 69111 69110 #UTIL: 224384445.00000
69109 69112 69104 69110 #UTIL: 224613857.00000
69117 69098 69112 69102 69111 69110 #UTIL: 223938014.00000
69100 69098 69114 69099 69104 69102 69111 69110 #UTIL: 224074184.00000
69115 69105 69099 69104 69102 69111 69110 #UTIL: 230338837.00000
69109 69114 69099 69104 69102 69111 #UTIL: 223301942.00000
69115 69105 69112 69099 69102 69111 69110 #UTIL: 220105433.00000
69105 69109 69098 69099 69102 69111 69110 #UTIL: 230861446.00000
69116 69098 69112 69104 69102 69111 69110 #UTIL: 236885146.00000
69116 69102 69110 #UTIL: 222585856.00000
69098 69114 69112 69104 69111 #UTIL: 221910445.00000
69109 69099 69104 69110 #UTIL: 229213551.00000
69116 69114 69112 69099 69104 69102 69111 69110 #UTIL: 229406346.00000
69098 69114 69099 69111 #UTIL: 225704595.00000
69120 69124 #UTIL: 240651421.00000
69106 69112 69099 69102 69111 69110 #UTIL: 220670399.00000
69109 69114 69104 69110 #UTIL: 218716662.00000
69116 69114 69112 69099 69102 69111 69110 #UTIL: 229288305.00000
69105 69109 69114 69112 69102 69111 69110 #UTIL: 232447800.00000
69115 69104 69102 69111 #UTIL: 223079473.00000
69098 69114 69112 69099 69110 #UTIL: 224814258.00000
69104 69102 #UTIL: 227465483.00000
69116 69098 69104 69111 69110 #UTIL: 233793893.00000
69105 69112 69099 69104 69102 69110 #UTIL: 239410723.00000
69116 69114 69111 69110 #UTIL: 235142237.00000
69109 69099 69104 69111 69110 #UTIL: 279361455.00000
69116 69098 69102 69111 69110 #UTIL: 251624579.00000
69109 69110 #UTIL: 238386481.00000
69105 69109 69114 69104 69111 69110 #UTIL: 229452225.00000
69117 69112 69104 69102 69111 69110 #UTIL: 241900709.00000
69115 69109 69114 69104 69102 69111 69110 #UTIL: 221052742.00000
69115 69098 69112 69102 69111 69110 #UTIL: 247085599.00000
69105 69098 69114 69104 69111 69110 #UTIL: 250119961.00000
69100 69098 69114 69104 69111 69110 #UTIL: 217087261.00000
69116 69098 69099 69104 69102 69111 69110 #UTIL: 239232415.00000
69100 69098 69114 69099 69102 69111 69110 #UTIL: 223544826.00000
69106 69114 69102 69111 69110 #UTIL: 227776546.00000
69123 69119 #UTIL: 246987542.00000
69116 69114 69112 69104 69102 69111 69110 #UTIL: 237744138.00000
69109 69112 69110 #UTIL: 223778411.00000
69105 69112 69099 69102 69111 #UTIL: 228175186.00000
69105 69098 69102 69110 #UTIL: 240230088.00000
69109 69098 69102 69110 #UTIL: 236139382.00000
69098 69114 69111 #UTIL: 227733943.00000
69109 69098 69112 69102 69110 #UTIL: 224523398.00000
69100 69098 69114 69104 69102 69111 69110 #UTIL: 231545366.00000
69099 69111 #UTIL: 276841769.00000
69098 69114 69112 69104 69102 69110 #UTIL: 251162677.00000
69100 69098 69111 69110 #UTIL: 234000754.00000
69115 69102 69110 #UTIL: 235394483.00000
69115 69105 69099 69104 69111 69110 #UTIL: 217027504.00000
69109 69098 69114 69112 69099 69104 69111 69110 #UTIL: 227417004.00000
69105 69114 69112 69102 69110 #UTIL: 229953863.00000
69105 69109 69098 69114 69099 69102 69111 69110 #UTIL: 218658270.00000
69115 69102 69111 #UTIL: 219703183.00000
69105 69112 69099 69110 #UTIL: 219286739.00000
69109 69104 69111 #UTIL: 219729128.00000
69115 69098 69112 69099 69104 69102 69111 69110 #UTIL: 235158374.00000
69109 69112 69102 69110 #UTIL: 244118656.00000
69115 69098 69112 69111 69110 #UTIL: 231647323.00000
69115 69114 69099 69104 69111 69110 #UTIL: 236458074.00000
69115 69098 69114 69099 69104 69102 69111 69110 #UTIL: 232279709.00000
69112 69099 69104 69111 #UTIL: 250991050.00000
69100 69114 69099 69102 69111 69110 #UTIL: 241089013.00000
69116 69114 69112 69102 69111 69110 #UTIL: 238162240.00000
69109 69098 69112 69104 69102 69110 #UTIL: 227342999.00000
69116 69112 69099 69111 69110 #UTIL: 230352680.00000
69109 69098 69099 69111 69110 #UTIL: 256692966.00000
69105 69098 69112 69104 69102 69110 #UTIL: 230638861.00000
69112 69104 69111 #UTIL: 259683755.00000
69109 69098 69114 69104 69111 69110 #UTIL: 246506049.00000
69106 69112 69099 69104 69102 69111 69110 #UTIL: 220300728.00000
69115 69105 69114 69112 69104 69102 69111 69110 #UTIL: 216142914.00000
69105 69109 69098 69114 69099 69104 69102 69111 69110 #UTIL: 220122275.00000
69100 69105 69112 69102 69111 69110 #UTIL: 218970212.00000
69100 69114 69112 69099 69102 69111 69110 #UTIL: 227379315.00000
69098 69114 69112 69099 69104 69102 69110 #UTIL: 242968395.00000
69105 69112 69099 69102 69110 #UTIL: 238471275.00000
69105 69099 69104 69110 #UTIL: 233245061.00000
69115 69105 69099 69102 69111 69110 #UTIL: 231049044.00000
69109 69104 69110 #UTIL: 235888477.00000
69115 69114 69104 69111 69110 #UTIL: 246014533.00000
69112 69099 69104 69102 #UTIL: 218447027.00000
69106 69112 69102 69111 69110 #UTIL: 232103467.00000
69117 69114 69112 69104 69102 69111 69110 #UTIL: 225556907.00000
69115 69109 69111 69110 #UTIL: 220572256.00000
69100 69109 69102 69111 69110 #UTIL: 225851866.00000
69100 69114 69112 69111 69110 #UTIL: 221313056.00000
69115 69098 69112 69104 69102 69111 69110 #UTIL: 245653225.00000
69100 69112 69104 69102 69111 69110 #UTIL: 255205381.00000
69116 69114 69104 69111 69110 #UTIL: 234687657.00000
69115 69105 69104 69102 69111 69110 #UTIL: 241391800.00000
69123 69125 #UTIL: 231467949.00000
69098 69114 69099 69102 69110 #UTIL: 257496970.00000
69100 69114 69104 69102 69111 69110 #UTIL: 250250639.00000
69109 69114 69104 69102 69110 #UTIL: 239720164.00000
69115 69112 69102 69110 #UTIL: 221801033.00000
69120 69119 69121 #UTIL: 230601279.00000
69109 69114 69104 69102 69111 #UTIL: 228261346.00000
69105 69114 69112 69111 69110 #UTIL: 258883117.00000
69098 69112 69111 #UTIL: 234199476.00000
69115 69114 69112 69104 69111 69110 #UTIL: 232772663.00000
69098 69114 69112 69104 69110 #UTIL: 232442859.00000
69100 69114 69099 69104 69102 69111 69110 #UTIL: 239910430.00000
69115 69105 69112 69104 69111 69110 #UTIL: 216141582.00000
69105 69114 69112 69099 69111 69110 #UTIL: 247666583.00000
69117 69099 69104 69111 69110 #UTIL: 231031918.00000
69106 69099 69102 69111 69110 #UTIL: 235541527.00000
69120 69123 69119 69125 69121 #UTIL: 248108015.00000
69115 69114 69112 69102 69111 69110 #UTIL: 248207933.00000
69117 69114 69099 69102 69111 69110 #UTIL: 230618498.00000
69098 69114 69110 #UTIL: 244957001.00000
69105 69114 69112 69099 69104 69102 69110 #UTIL: 225526724.00000
69105 69098 69112 69099 69104 69111 69110 #UTIL: 244373619.00000
69109 69112 69099 69104 69102 69111 #UTIL: 226619992.00000
69114 69099 69102 69110 #UTIL: 284647671.00000
69100 69114 69112 69104 69111 69110 #UTIL: 222398952.00000
69105 69114 69112 69099 69104 69102 69111 69110 #UTIL: 259547788.00000
69116 69098 69112 69102 69111 69110 #UTIL: 236998577.00000
69115 69109 69099 69102 69111 69110 #UTIL: 226575343.00000
69098 69114 69112 69099 69104 69110 #UTIL: 226917092.00000
69116 69112 69111 69110 #UTIL: 241144218.00000
69116 69112 69099 69102 69111 69110 #UTIL: 245159215.00000
69098 69112 69104 69111 #UTIL: 237466914.00000
69105 69109 69114 69099 69104 69102 69111 69110 #UTIL: 234603041.00000
69116 69098 69099 69102 69111 69110 #UTIL: 239983675.00000
69109 69098 69099 69104 69102 69110 #UTIL: 229573050.00000
69109 69112 69099 69104 69102 69110 #UTIL: 235725251.00000
69105 69109 69098 69102 69111 69110 #UTIL: 240838095.00000
69123 69121 #UTIL: 282435753.00000
69115 69109 69098 69102 69111 69110 #UTIL: 217903201.00000
69106 69099 69111 69110 #UTIL: 220738900.00000
69116 69098 69114 69099 69102 69111 69110 #UTIL: 225001148.00000
69114 69112 69099 69111 69110 #UTIL: 294811436.00000
69105 69099 69110 #UTIL: 232656053.00000
69105 69109 69112 69099 69102 69111 69110 #UTIL: 237773574.00000
69116 69114 69112 69104 69111 69110 #UTIL: 223159118.00000
69105 69098 69114 69099 69104 69102 69110 #UTIL: 220837308.00000
69098 69099 69104 69111 #UTIL: 243893097.00000
69115 69114 69112 69104 69102 69111 69110 #UTIL: 246736546.00000
69109 69098 69112 69099 69104 69111 69110 #UTIL: 241435211.00000
69109 69099 69104 69102 69111 #UTIL: 237305513.00000
69098 69112 69104 69110 #UTIL: 250631224.00000
69117 69098 69114 69102 69111 69110 #UTIL: 220295067.00000
69109 69098 69112 69104 69111 69110 #UTIL: 251835547.00000
69109 69098 69114 69112 69111 69110 #UTIL: 234441963.00000
69117 69112 69111 69110 #UTIL: 226087597.00000
69117 69114 69104 69102 69111 69110 #UTIL: 238011504.00000
69100 69098 69104 69102 69111 69110 #UTIL: 248658205.00000
69100 69099 69104 69111 69110 #UTIL: 243488909.00000
69109 69114 69099 69102 69110 #UTIL: 231694697.00000
69106 69098 69102 69111 69110 #UTIL: 225526796.00000
69116 69098 69112 69111 69110 #UTIL: 221303164.00000
69105 69112 69099 69104 69110 #UTIL: 221941763.00000
69106 69098 69104 69102 69111 69110 #UTIL: 224394265.00000
69117 69114 69102 69111 69110 #UTIL: 238890217.00000
69100 69098 69112 69099 69104 69102 69111 69110 #UTIL: 226554499.00000
69105 69109 69098 69104 69111 69110 #UTIL: 226161976.00000
69105 69109 69114 69111 69110 #UTIL: 228714174.00000
69109 69112 69104 69111 69110 #UTIL: 275971637.00000
69106 69099 69104 69102 69111 69110 #UTIL: 232937396.00000
69115 69105 69114 69102 69111 69110 #UTIL: 225435355.00000
69105 69098 69114 69112 69099 69111 69110 #UTIL: 229464615.00000
69109 69098 69114 69112 69104 69111 69110 #UTIL: 235054761.00000
69115 69112 69104 69102 69110 #UTIL: 223590305.00000
69116 69099 69102 69111 69110 #UTIL: 262469237.00000
69105 69114 69099 69104 69110 #UTIL: 218610572.00000
69116 69098 69112 69099 69104 69102 69111 69110 #UTIL: 228041764.00000
69114 69112 69104 69111 #UTIL: 238093358.00000
69098 69114 69099 69104 69111 #UTIL: 228023184.00000
69115 69109 69104 69111 69110 #UTIL: 220822309.00000
69105 69109 69104 69111 69110 #UTIL: 246087802.00000
69105 69109 69111 69110 #UTIL: 247615173.00000
69115 69098 69111 69110 #UTIL: 246054601.00000
69100 69098 69112 69102 69111 69110 #UTIL: 236171076.00000
69115 69114 69112 69099 69111 69110 #UTIL: 224362504.00000
69109 69114 69099 69102 69111 #UTIL: 220979955.00000
69115 69109 69099 69104 69102 69111 69110 #UTIL: 226336456.00000
69098 69114 69112 69111 #UTIL: 217469014.00000
69098 69114 69112 69099 69104 69111 #UTIL: 218182527.00000
69100 69102 69110 #UTIL: 221731593.00000
69120 69123 69125 69124 #UTIL: 254993858.00000
69115 69104 69102 69111 69110 #UTIL: 285851039.00000
69112 69110 #UTIL: 283770552.00000
69098 69114 69102 69111 #UTIL: 252674267.00000
69109 69098 69112 69099 69102 69111 69110 #UTIL: 254583415.00000
69116 69098 69104 69102 69111 69110 #UTIL: 249660611.00000
69114 69102 69110 #UTIL: 300443856.00000
69115 69114 69112 69111 69110 #UTIL: 233002261.00000
69114 69112 69099 69104 69111 #UTIL: 233368622.00000
69117 69098 69114 69104 69102 69111 69110 #UTIL: 221174551.00000
69100 69098 69112 69099 69102 69111 69110 #UTIL: 225954689.00000
69098 69114 69104 69102 69111 #UTIL: 253525607.00000
69105 69098 69112 69102 69110 #UTIL: 228153518.00000
69115 69098 69114 69111 69110 #UTIL: 226678802.00000
69105 69098 69114 69104 69102 69110 #UTIL: 226186143.00000
69116 69098 69114 69099 69104 69102 69111 69110 #UTIL: 225621015.00000
69105 69112 69104 69110 #UTIL: 227795344.00000
69116 69109 69102 69111 69110 #UTIL: 227012384.00000
69117 69099 69111 69110 #UTIL: 232655100.00000
69115 69109 69112 69102 69111 69110 #UTIL: 225271966.00000
69105 69109 69099 69104 69102 69111 69110 #UTIL: 249174144.00000
69109 69098 69114 69111 69110 #UTIL: 247696736.00000
69098 69114 69112 69099 69102 69110 #UTIL: 241987658.00000
69105 69098 69099 69104 69111 69110 #UTIL: 257471302.00000
69105 69098 69112 69099 69102 69110 #UTIL: 220988130.00000
69105 69098 69114 69112 69099 69104 69111 69110 #UTIL: 230155453.00000
69109 69114 69099 69104 69102 69111 69110 #UTIL: 271084686.00000
69100 69112 69111 69110 #UTIL: 240732508.00000
69106 69114 69104 69102 69111 69110 #UTIL: 226492838.00000
69100 69105 69099 69104 69102 69111 69110 #UTIL: 220617343.00000
69100 69098 69114 69102 69111 69110 #UTIL: 231770905.00000
69105 69098 69112 69099 69104 69102 69111 69110 #UTIL: 257469142.00000
69109 69098 69104 69102 69111 #UTIL: 225959494.00000
69116 69098 69114 69104 69111 69110 #UTIL: 218237948.00000
69105 69098 69114 69102 69111 69110 #UTIL: 267169261.00000
69105 69098 69112 69104 69102 69111 #UTIL: 221785020.00000
69117 69114 69099 69104 69102 69111 69110 #UTIL: 230461073.00000
69109 69098 69114 69112 69099 69111 69110 #UTIL: 226537505.00000
69115 69105 69098 69102 69111 69110 #UTIL: 222659509.00000
69125 #UTIL: 235069416.00000
69115 69105 69112 69102 69111 69110 #UTIL: 230229149.00000
69105 69098 69114 69102 69110 #UTIL: 223672803.00000
69105 69110 #UTIL: 239273557.00000
69115 69105 69112 69104 69102 69111 69110 #UTIL: 230120477.00000
69116 69104 69102 69110 #UTIL: 223453857.00000
69106 69099 69104 69111 69110 #UTIL: 218954050.00000
69116 69109 69099 69104 69102 69111 69110 #UTIL: 218988031.00000
69098 69112 69099 69104 69111 69110 #UTIL: 286689517.00000
69109 69114 69099 69104 69102 69110 #UTIL: 232658944.00000
69115 69109 69112 69104 69102 69111 69110 #UTIL: 225626765.00000
69109 69114 69112 69102 69110 #UTIL: 226078021.00000
69115 69105 69104 69111 69110 #UTIL: 226126482.00000
69109 69099 69102 69111 #UTIL: 235896447.00000
69105 69112 69102 69110 #UTIL: 248468941.00000
69100 69112 69099 69111 69110 #UTIL: 229337241.00000
69109 69098 69104 69102 69110 #UTIL: 237419787.00000
69098 69114 69112 69099 69102 69111 #UTIL: 232522466.00000
69098 69112 69099 69104 69110 #UTIL: 241638335.00000
69105 69109 69112 69099 69111 69110 #UTIL: 224293090.00000
69115 69098 69114 69102 69111 69110 #UTIL: 241954632.00000
69109 69099 69104 69102 69110 #UTIL: 248616654.00000
69105 69109 69114 69112 69104 69102 69111 69110 #UTIL: 233187330.00000
69114 69112 69099 69102 69111 #UTIL: 250864463.00000
69115 69098 69112 69104 69111 69110 #UTIL: 231350907.00000
69109 69098 69112 69099 69111 69110 #UTIL: 241606063.00000
69098 69114 69102 69111 69110 #UTIL: 321400849.00000
69105 69099 69104 69111 69110 #UTIL: 283287244.00000
69114 69104 69111 #UTIL: 251783276.00000
69109 69112 69099 69102 69111 #UTIL: 223961285.00000
69105 69099 69102 69110 #UTIL: 253731413.00000
69100 69098 69099 69102 69111 69110 #UTIL: 238680512.00000
69098 69112 69099 69102 69111 #UTIL: 248522391.00000
69100 69114 69112 69102 69111 69110 #UTIL: 236998333.00000
69105 69098 69114 69112 69099 69102 69111 69110 #UTIL: 242091430.00000
69109 69098 69099 69102 69110 #UTIL: 228017337.00000
69114 69112 69099 69111 #UTIL: 230905520.00000
69114 69112 69099 69104 69102 69110 #UTIL: 261365612.00000
69098 69114 69099 69104 69102 69111 #UTIL: 246416873.00000
69116 69098 69099 69111 69110 #UTIL: 225314969.00000
69105 69112 69099 69104 69102 69111 #UTIL: 230419165.00000
69106 69112 69104 69102 69111 69110 #UTIL: 230408510.00000
69115 69114 69099 69104 69102 69111 69110 #UTIL: 249732042.00000
69100 69112 69104 69111 69110 #UTIL: 239621373.00000
69100 69105 69102 69111 69110 #UTIL: 230701261.00000
69105 69098 69114 69112 69099 69104 69102 69111 69110 #UTIL: 242366122.00000
69109 69098 69114 69112 69099 69102 69111 69110 #UTIL: 238793770.00000
69106 69104 69111 69110 #UTIL: 228906808.00000
69117 69098 69102 69111 69110 #UTIL: 237532706.00000
69100 69098 69099 69104 69102 69111 69110 #UTIL: 238099769.00000
69105 69109 69098 69114 69104 69102 69111 69110 #UTIL: 227160437.00000
69099 69104 69102 #UTIL: 229548795.00000
69112 69104 69110 #UTIL: 276736319.00000
69099 69104 69102 69111 #UTIL: 291855939.00000
69112 69111 #UTIL: 259553572.00000
69124 69122 #UTIL: 1182505528.00000
69098 69104 69102 69111 69110 #UTIL: 346854957.00000
69120 69124 69122 #UTIL: 617563334.00000
69105 69109 69099 69104 69111 69110 #UTIL: 235308013.00000
69122 #UTIL: 1054761022.00000
69098 69114 69099 69104 69111 69110 #UTIL: 282984450.00000
69099 69104 69102 69111 69110 #UTIL: 362189602.00000
69112 69099 69102 69111 #UTIL: 272577304.00000
69120 69123 69124 69122 #UTIL: 503497016.00000
69098 69114 69112 69104 69111 69110 #UTIL: 277973107.00000
69123 #UTIL: 236616935.00000
69098 69112 69099 69104 69111 #UTIL: 231455960.00000
69120 69123 69122 #UTIL: 403350928.00000
69109 69099 69102 69111 69110 #UTIL: 299885669.00000
69114 69104 69102 69111 #UTIL: 277281276.00000
69117 69112 69099 69102 69111 69110 #UTIL: 231991232.00000
69120 69122 #UTIL: 495465646.00000
69104 69110 #UTIL: 307213466.00000
69112 69099 69102 69110 #UTIL: 286955277.00000
69114 69099 69104 69110 #UTIL: 260869400.00000
69109 69114 69102 69110 #UTIL: 238638472.00000
69115 69104 69102 69110 #UTIL: 235216857.00000
69109 69098 69104 69111 69110 #UTIL: 266469632.00000
69109 69114 69104 69111 69110 #UTIL: 269506760.00000
69120 69123 69119 69125 69121 69122 #UTIL: 463843239.00000
69109 69098 69114 69112 69099 69104 69102 69111 69110 #UTIL: 239192485.00000
69105 69104 69110 #UTIL: 240218701.00000
69098 69114 69099 69111 69110 #UTIL: 288465103.00000
69114 69111 69110 #UTIL: 351648536.00000
69100 69099 69104 69102 69111 69110 #UTIL: 257903133.00000
69105 69098 69104 69111 69110 #UTIL: 270925365.00000
69105 69098 69114 69112 69104 69111 69110 #UTIL: 238213062.00000
69123 69119 69125 #UTIL: 289148175.00000
69116 69112 69104 69111 69110 #UTIL: 239899974.00000
69114 69112 69099 69110 #UTIL: 243731762.00000
69112 69099 69104 69110 #UTIL: 263816622.00000
69099 69102 69111 69110 #UTIL: 380839238.00000
69114 69099 69104 69102 69111 69110 #UTIL: 326616564.00000
69117 69112 69102 69111 69110 #UTIL: 242765886.00000
69105 69114 69112 69099 69104 69111 69110 #UTIL: 246783260.00000
69120 69123 69119 69124 69122 #UTIL: 505288145.00000
69114 69112 69111 #UTIL: 234134973.00000
69105 69112 69110 #UTIL: 224732558.00000
69106 69104 69102 69111 69110 #UTIL: 245344886.00000
69123 69119 69125 69121 #UTIL: 360615180.00000
69105 69099 69104 69102 69110 #UTIL: 252570457.00000
69098 69114 69112 69099 69102 69111 69110 #UTIL: 281036247.00000
69114 69102 69111 #UTIL: 279432879.00000
69123 69119 69125 69121 69124 #UTIL: 485439657.00000
69105 69102 69110 #UTIL: 266394997.00000
69098 69102 69110 #UTIL: 298482519.00000
69112 69099 69104 69111 69110 #UTIL: 317293544.00000
69114 69112 69102 69110 #UTIL: 274213765.00000
69098 69112 69104 69102 69111 #UTIL: 259454863.00000
69098 69114 69099 69104 69110 #UTIL: 238515966.00000
69106 69102 69111 69110 #UTIL: 249789087.00000
69123 69119 69125 69121 69124 69122 #UTIL: 810160607.00000
69098 69114 69112 69110 #UTIL: 229881198.00000
69098 69114 69111 69110 #UTIL: 306363267.00000
69098 69112 69099 69102 69111 69110 #UTIL: 305207215.00000
69120 69123 69119 69124 #UTIL: 260105105.00000
69116 69109 69104 69102 69111 69110 #UTIL: 226982915.00000
69105 69098 69104 69102 69111 #UTIL: 230296153.00000
69098 69104 69110 #UTIL: 268820918.00000
69123 69119 69125 69121 69122 #UTIL: 695613787.00000
69109 69098 69099 69104 69102 69111 69110 #UTIL: 267839658.00000
69105 69098 69114 69099 69111 69110 #UTIL: 241419198.00000
69098 69099 69104 69102 69111 69110 #UTIL: 322784405.00000
69105 69112 69104 69102 69111 69110 #UTIL: 295351129.00000
69117 69098 69104 69102 69111 69110 #UTIL: 236686344.00000
69099 69104 69111 69110 #UTIL: 350509365.00000
69105 69102 69111 #UTIL: 248533692.00000
69123 69119 69125 69124 #UTIL: 424871429.00000
69098 69111 #UTIL: 249802110.00000
69120 69119 69125 69121 #UTIL: 265234813.00000
69098 69114 69104 69111 69110 #UTIL: 297826586.00000
69120 69123 69119 69122 #UTIL: 414711237.00000
69114 69110 #UTIL: 275452448.00000
69099 69111 69110 #UTIL: 372591786.00000
69105 69104 69111 69110 #UTIL: 302560347.00000
69123 69119 69125 69124 69122 #UTIL: 775532692.00000
69105 69109 69099 69102 69111 69110 #UTIL: 250543517.00000
69115 69098 69099 69102 69111 69110 #UTIL: 249042621.00000
69114 69112 69110 #UTIL: 250753659.00000
69105 69114 69104 69102 69111 #UTIL: 232436869.00000
69114 69099 69102 69111 #UTIL: 269510259.00000
69100 69112 69099 69102 69111 69110 #UTIL: 243839141.00000
69112 69099 69104 69102 69111 69110 #UTIL: 330435881.00000
69123 69119 69125 69122 #UTIL: 653772992.00000
69109 69112 69104 69102 69111 69110 #UTIL: 290786712.00000
69098 69112 69102 69110 #UTIL: 273339937.00000
69106 69111 69110 #UTIL: 232263330.00000
69123 69119 69121 #UTIL: 325817360.00000
69098 69114 69104 69102 69111 69110 #UTIL: 313029272.00000
69115 69098 69104 69102 69111 69110 #UTIL: 259348980.00000
69114 69104 69110 #UTIL: 269892038.00000
69120 69119 69125 69121 69124 #UTIL: 367014470.00000
69117 69114 69112 69102 69111 69110 #UTIL: 224573925.00000
69105 69112 69102 69111 69110 #UTIL: 301366793.00000
69115 69098 69114 69099 69102 69111 69110 #UTIL: 232637405.00000
69112 69104 69102 69111 69110 #UTIL: 357042018.00000
69102 69111 69110 #UTIL: 427760523.00000
69105 69109 69112 69099 69104 69111 69110 #UTIL: 224907843.00000
69112 69099 69111 69110 #UTIL: 328250988.00000
69120 69119 69125 69121 69124 69122 #UTIL: 625610467.00000
69105 69098 69099 69102 69110 #UTIL: 231779308.00000
69120 69123 69119 69125 69124 #UTIL: 286570601.00000
69105 69098 69099 69102 69111 69110 #UTIL: 274311365.00000
69123 69119 69121 69124 #UTIL: 463868566.00000
69102 69110 #UTIL: 350766947.00000
69105 69114 69112 69104 69102 69111 69110 #UTIL: 271906131.00000
69098 69114 69099 69102 69111 #UTIL: 245727646.00000
69123 69119 69121 69124 69122 #UTIL: 828284479.00000
69105 69099 69104 69102 69111 #UTIL: 241068436.00000
69105 69104 69102 69110 #UTIL: 263989193.00000
69117 69099 69104 69102 69111 69110 #UTIL: 246033018.00000
69105 69098 69112 69104 69102 69111 69110 #UTIL: 270116344.00000
69100 69098 69102 69111 69110 #UTIL: 250659118.00000
69098 69112 69099 69102 69110 #UTIL: 259733095.00000
69109 69112 69099 69104 69111 69110 #UTIL: 261518207.00000
69123 69119 69121 69122 #UTIL: 705551106.00000
69117 69112 69099 69104 69102 69111 69110 #UTIL: 232199394.00000
69114 69112 69099 69104 69110 #UTIL: 244065273.00000
69100 69109 69104 69102 69111 69110 #UTIL: 225962472.00000
69123 69119 69124 #UTIL: 398103875.00000
69109 69114 69112 69099 69104 69111 69110 #UTIL: 243814393.00000
69100 69105 69104 69102 69111 69110 #UTIL: 230266759.00000
69105 69112 69102 69111 #UTIL: 235933452.00000
69120 69119 69125 69121 69122 #UTIL: 531067339.00000
69105 69098 69099 69104 69102 69111 #UTIL: 223765454.00000
69098 69099 69104 69102 69110 #UTIL: 276009127.00000
69112 69102 69111 #UTIL: 288247004.00000
69098 69104 69102 69111 #UTIL: 275493613.00000
69109 69104 69111 69110 #UTIL: 297226047.00000
69114 69099 69104 69111 #UTIL: 247457960.00000
69115 69099 69104 69111 69110 #UTIL: 254823230.00000
69123 69119 69124 69122 #UTIL: 798831980.00000
69115 69105 69102 69111 69110 #UTIL: 243066659.00000
69098 69114 69112 69099 69104 69102 69111 #UTIL: 234611058.00000
69115 69112 69099 69102 69111 69110 #UTIL: 255543838.00000
69120 69123 69119 69125 69124 69122 #UTIL: 509709431.00000
69105 69112 69104 69111 69110 #UTIL: 280044428.00000
69098 69112 69102 69111 69110 #UTIL: 327736522.00000
69114 69112 69104 69102 69111 #UTIL: 260185362.00000
69123 69119 69122 #UTIL: 669450331.00000
69116 69099 69104 69102 69111 69110 #UTIL: 258704778.00000
69112 69102 69111 69110 #UTIL: 373869130.00000
69115 69098 69114 69112 69102 69111 69110 #UTIL: 229587378.00000
69105 69112 69099 69111 69110 #UTIL: 268348934.00000
69105 69114 69112 69104 69102 69110 #UTIL: 232105750.00000
69114 69099 69102 69111 69110 #UTIL: 337498570.00000
69105 69109 69114 69099 69102 69111 69110 #UTIL: 234549571.00000
69120 69119 69125 69124 69122 #UTIL: 591876302.00000
69109 69114 69112 69102 69111 69110 #UTIL: 269986297.00000
69098 69102 69111 #UTIL: 277678476.00000
69105 69098 69114 69099 69104 69111 69110 #UTIL: 240947948.00000
69120 69119 69125 69124 #UTIL: 314471137.00000
69105 69098 69112 69099 69102 69111 69110 #UTIL: 258340516.00000
69098 69114 69112 69104 69102 69111 69110 #UTIL: 292339695.00000
69098 69114 69112 69102 69111 #UTIL: 239234756.00000
69123 69125 69121 #UTIL: 316827463.00000
69100 69099 69102 69111 69110 #UTIL: 261300368.00000
69105 69109 69114 69102 69111 69110 #UTIL: 244470262.00000
69100 69098 69104 69111 69110 #UTIL: 233056950.00000
69105 69109 69112 69104 69102 69111 69110 #UTIL: 248499709.00000
69098 69112 69099 69104 69102 69110 #UTIL: 259242069.00000
69117 69104 69102 69111 69110 #UTIL: 257656530.00000
69098 69114 69112 69111 69110 #UTIL: 281740942.00000
69120 69119 69125 69122 #UTIL: 491323371.00000
69105 69112 69099 69104 69111 69110 #UTIL: 265085553.00000
69105 69098 69114 69112 69102 69111 69110 #UTIL: 252424845.00000
69115 69098 69102 69111 69110 #UTIL: 262857144.00000
69123 69125 69121 69124 #UTIL: 457877439.00000
69098 69099 69102 69111 #UTIL: 265246244.00000
69116 69104 69111 69110 #UTIL: 255923722.00000
69115 69114 69099 69102 69111 69110 #UTIL: 252096722.00000
69123 69125 69121 69124 69122 #UTIL: 829142162.00000
69114 69112 69099 69102 69111 69110 #UTIL: 308103986.00000
69117 69099 69102 69111 69110 #UTIL: 248081803.00000
69105 69109 69098 69112 69104 69102 69111 69110 #UTIL: 230992503.00000
69105 69114 69112 69099 69102 69111 69110 #UTIL: 261103211.00000
69105 69098 69112 69102 69111 69110 #UTIL: 272208762.00000
69098 69099 69104 69111 69110 #UTIL: 309131816.00000
69115 69104 69111 69110 #UTIL: 269653907.00000
69123 69125 69121 69122 #UTIL: 703604507.00000
69099 69104 69102 69110 #UTIL: 307127474.00000
69115 69099 69111 69110 #UTIL: 259201650.00000
69105 69114 69099 69102 69111 69110 #UTIL: 278426561.00000
69120 69123 69125 69121 69124 #UTIL: 306495157.00000
69116 69102 69111 69110 #UTIL: 279485839.00000
69115 69114 69112 69099 69102 69111 69110 #UTIL: 237171985.00000
69105 69114 69102 69110 #UTIL: 242652060.00000
69123 69125 69124 #UTIL: 387734784.00000
69116 69098 69112 69099 69102 69111 69110 #UTIL: 227470505.00000
69098 69114 69104 69111 #UTIL: 231194123.00000
69105 69098 69099 69111 69110 #UTIL: 260019261.00000
69102 69111 #UTIL: 318759633.00000
69109 69114 69112 69099 69104 69102 69111 69110 #UTIL: 256178301.00000
69112 69099 69111 #UTIL: 250705145.00000
69114 69112 69099 69102 69110 #UTIL: 262428459.00000
69123 69125 69124 69122 #UTIL: 796501858.00000
69114 69112 69099 69104 69102 69111 69110 #UTIL: 302324843.00000
69120 69119 69124 #UTIL: 285255560.00000
69098 69112 69099 69110 #UTIL: 240785416.00000
69120 69123 69125 69121 69124 69122 #UTIL: 540525041.00000
69098 69112 69104 69102 69111 69110 #UTIL: 319425163.00000
69098 69112 69104 69111 69110 #UTIL: 304596275.00000
69105 69109 69112 69099 69104 69102 69111 69110 #UTIL: 237655278.00000
69123 69125 69122 #UTIL: 662804966.00000
69109 69098 69104 69102 69111 69110 #UTIL: 281941044.00000
69098 69099 69110 #UTIL: 260017898.00000
69114 69099 69104 69102 69110 #UTIL: 279720479.00000
69114 69112 69104 69102 69111 69110 #UTIL: 320696926.00000
69098 69112 69111 69110 #UTIL: 313098908.00000
69109 69104 69102 69111 69110 #UTIL: 312631428.00000
69100 69114 69099 69104 69111 69110 #UTIL: 226484120.00000
69120 69119 69121 69124 69122 #UTIL: 630518310.00000
69105 69098 69104 69102 69110 #UTIL: 241483870.00000
69098 69114 69112 69104 69102 69111 #UTIL: 241383230.00000
69109 69098 69112 69099 69104 69102 69111 69110 #UTIL: 253938378.00000
69120 69123 69119 69125 69122 #UTIL: 425539771.00000
69114 69102 69111 69110 #UTIL: 365122301.00000
69109 69104 69102 69111 #UTIL: 244969544.00000
69098 69099 69104 69102 69111 #UTIL: 263979801.00000
69123 69121 69124 #UTIL: 435163482.00000
69114 69112 69099 69104 69111 69110 #UTIL: 289270397.00000
69109 69114 69099 69111 69110 #UTIL: 260790826.00000
69098 69114 69112 69099 69111 69110 #UTIL: 267870801.00000
69105 69104 69102 69111 69110 #UTIL: 318114436.00000
69109 69114 69099 69102 69111 69110 #UTIL: 274627305.00000
69112 69104 69102 69111 #UTIL: 284516738.00000
69109 69099 69102 69110 #UTIL: 249438522.00000
69123 69121 69124 69122 #UTIL: 863011520.00000
69115 69114 69111 69110 #UTIL: 248472040.00000
69120 69119 69121 69124 #UTIL: 343278249.00000
69098 69112 69099 69104 69102 69111 #UTIL: 249598559.00000
69120 69119 69121 69122 #UTIL: 528790428.00000
69116 69114 69099 69102 69111 69110 #UTIL: 242557763.00000
69109 69112 69099 69111 69110 #UTIL: 264238688.00000
69104 69102 69111 #UTIL: 308875773.00000
69123 69121 69122 #UTIL: 733684143.00000
69109 69098 69099 69102 69111 69110 #UTIL: 270521772.00000
69105 69098 69102 69111 69110 #UTIL: 291324134.00000
69114 69112 69102 69111 #UTIL: 259770979.00000
69109 69114 69104 69102 69111 69110 #UTIL: 284749199.00000
69098 69104 69111 #UTIL: 250784039.00000
69117 69111 69110 #UTIL: 246670306.00000
69116 69099 69104 69111 69110 #UTIL: 244115355.00000
69120 69123 69125 69121 69122 #UTIL: 453249457.00000
69115 69114 69102 69111 69110 #UTIL: 264966273.00000
69098 69114 69099 69104 69102 69110 #UTIL: 256428696.00000
69105 69098 69112 69111 69110 #UTIL: 256892291.00000
69123 69124 #UTIL: 360020635.00000
69112 69099 69104 69102 69110 #UTIL: 282754545.00000
69104 69102 69111 69110 #UTIL: 397288020.00000
69109 69099 69104 69102 69111 69110 #UTIL: 293231003.00000
69123 69124 69122 #UTIL: 843392189.00000
69109 69098 69114 69099 69104 69102 69111 69110 #UTIL: 250862944.00000
69098 69112 69110 #UTIL: 250619320.00000
69105 69114 69099 69104 69102 69110 #UTIL: 236072987.00000
69105 69098 69112 69104 69111 69110 #UTIL: 255376623.00000
69115 69105 69111 69110 #UTIL: 226219638.00000
69109 69112 69102 69111 #UTIL: 230958101.00000
69100 69112 69099 69104 69102 69111 69110 #UTIL: 242621536.00000
69123 69122 #UTIL: 715423899.00000
69109 69102 69111 69110 #UTIL: 322909466.00000
69119 #UTIL: 272352627.00000
69099 69104 69111 #UTIL: 270934785.00000
69120 69123 69119 69125 69121 69124 #UTIL: 332342889.00000
69114 69099 69110 #UTIL: 264949469.00000
69100 69114 69102 69111 69110 #UTIL: 252274756.00000
69115 69112 69099 69104 69111 69110 #UTIL: 239893970.00000
69120 69119 69124 69122 #UTIL: 598888834.00000
69098 69104 69111 69110 #UTIL: 332369973.00000
69105 69112 69111 69110 #UTIL: 285524320.00000
69115 69099 69102 69111 69110 #UTIL: 274141131.00000
69105 69099 69102 69111 #UTIL: 240090867.00000
69105 69112 69099 69104 69102 69111 69110 #UTIL: 278630048.00000
69105 69114 69099 69104 69102 69111 69110 #UTIL: 274499136.00000
69105 69109 69099 69111 69110 #UTIL: 236032884.00000
69120 69119 69122 #UTIL: 490125523.00000
69105 69114 69104 69102 69111 69110 #UTIL: 289310613.00000
69116 69099 69111 69110 #UTIL: 246547188.00000
69105 69109 69112 69104 69111 69110 #UTIL: 234029986.00000
69119 69125 #UTIL: 322863612.00000
69098 69114 69112 69099 69104 69102 69111 69110 #UTIL: 278408839.00000
69117 69098 69099 69104 69102 69111 69110 #UTIL: 228419023.00000
69116 69098 69111 69110 #UTIL: 234504695.00000
69119 69125 69121 #UTIL: 409084199.00000
69098 69099 69102 69111 69110 #UTIL: 332585298.00000
69116 69104 69102 69111 69110 #UTIL: 273062146.00000
69109 69098 69102 69111 69110 #UTIL: 286460951.00000
69114 69112 69104 69102 69110 #UTIL: 272193862.00000
69109 69114 69112 69111 69110 #UTIL: 254992700.00000
69105 69098 69112 69099 69111 69110 #UTIL: 244868484.00000
69109 69114 69102 69111 #UTIL: 224947560.00000
69119 69125 69121 69124 #UTIL: 565724951.00000
69109 69114 69111 69110 #UTIL: 273831469.00000
69115 69112 69099 69104 69102 69111 69110 #UTIL: 253204442.00000
69100 69111 69110 #UTIL: 260572325.00000
69120 69123 69125 69124 69122 #UTIL: 504605603.00000
69109 69098 69099 69104 69111 69110 #UTIL: 254217508.00000
69115 69098 69099 69104 69102 69111 69110 #UTIL: 247279738.00000
69105 69099 69104 69102 69111 69110 #UTIL: 297196503.00000
69119 69125 69121 69124 69122 #UTIL: 984439497.00000
69105 69114 69102 69111 69110 #UTIL: 294782420.00000
69100 69114 69111 69110 #UTIL: 234889411.00000
69100 69098 69112 69104 69102 69111 69110 #UTIL: 235865894.00000
69109 69098 69112 69111 69110 #UTIL: 252991804.00000
69105 69112 69099 69102 69111 69110 #UTIL: 282387454.00000
69105 69114 69099 69102 69110 #UTIL: 235297513.00000
69109 69114 69112 69099 69102 69111 69110 #UTIL: 257240940.00000
69119 69125 69121 69122 #UTIL: 847941495.00000
69098 69099 69104 69110 #UTIL: 256709185.00000
69104 69111 69110 #UTIL: 386330366.00000
69105 69109 69098 69099 69104 69102 69111 69110 #UTIL: 231610159.00000
69114 69104 69102 69110 #UTIL: 293051351.00000
69109 69098 69114 69104 69102 69111 69110 #UTIL: 261113936.00000
69105 69098 69104 69102 69111 69110 #UTIL: 286570946.00000
69114 69112 69111 69110 #UTIL: 314105940.00000
69119 69125 69124 #UTIL: 498130285.00000
69114 69104 69102 69111 69110 #UTIL: 349435855.00000
69116 69112 69104 69102 69111 69110 #UTIL: 255694427.00000
69098 69114 69104 69102 69110 #UTIL: 265862363.00000
69098 69114 69112 69102 69111 69110 #UTIL: 296657700.00000
69111 #UTIL: 283367522.00000
69100 69112 69102 69111 69110 #UTIL: 257737427.00000
69105 69114 69112 69104 69111 69110 #UTIL: 257335991.00000
69119 69125 69124 69122 #UTIL: 963702978.00000
69112 69111 69110 #UTIL: 361275186.00000
69120 69125 69121 69124 #UTIL: 339351200.00000
69109 69098 69114 69099 69104 69111 69110 #UTIL: 238033161.00000
69120 69123 69125 69122 #UTIL: 412172750.00000
69109 69099 69111 69110 #UTIL: 286228581.00000
69109 69112 69111 69110 #UTIL: 280969439.00000
69109 69098 69114 69112 69102 69111 69110 #UTIL: 248544205.00000
69119 69125 69122 #UTIL: 818835491.00000
69100 69114 69112 69104 69102 69111 69110 #UTIL: 236711782.00000
69099 69110 #UTIL: 301394886.00000
69105 69114 69112 69102 69111 69110 #UTIL: 274533226.00000
69105 69099 69102 69111 69110 #UTIL: 304445856.00000
69115 69099 69104 69102 69111 69110 #UTIL: 269158859.00000
69115 69109 69102 69111 69110 #UTIL: 237132583.00000
69105 69114 69104 69102 69110 #UTIL: 243576429.00000
69120 69125 69121 69124 69122 #UTIL: 632877650.00000
69114 69099 69111 #UTIL: 247696896.00000
69105 69098 69114 69104 69102 69111 69110 #UTIL: 265020238.00000
69109 69098 69112 69102 69111 69110 #UTIL: 267872970.00000
69119 69121 #UTIL: 372789120.00000
69115 69109 69104 69102 69111 69110 #UTIL: 236055381.00000
69105 69098 69114 69111 69110 #UTIL: 251490939.00000
69105 69114 69104 69111 69110 #UTIL: 273726210.00000
69119 69121 69124 #UTIL: 551103488.00000
69105 69114 69099 69104 69111 69110 #UTIL: 260997821.00000
69115 69098 69112 69099 69102 69111 69110 #UTIL: 235533070.00000
69109 69112 69104 69102 69110 #UTIL: 245141270.00000
69115 69114 69104 69102 69111 69110 #UTIL: 261344884.00000
69109 69114 69112 69104 69111 69110 #UTIL: 253919192.00000
69105 69098 69114 69099 69104 69102 69111 69110 #UTIL: 254146122.00000
69099 69104 69110 #UTIL: 287723388.00000
69119 69121 69124 69122 #UTIL: 1038596281.00000
69115 69111 69110 #UTIL: 276721772.00000
69120 69125 69124 #UTIL: 278270235.00000
69109 69102 69110 #UTIL: 261839057.00000
69120 69125 69121 69122 #UTIL: 528668816.00000
69116 69098 69114 69102 69111 69110 #UTIL: 232797690.00000
69109 69114 69112 69099 69111 69110 #UTIL: 244269825.00000
69112 69104 69111 69110 #UTIL: 342869085.00000
69119 69121 69122 #UTIL: 895485231.00000
69114 69104 69111 69110 #UTIL: 334655273.00000
69104 69111 #UTIL: 281773448.00000
69114 69099 69111 69110 #UTIL: 324970068.00000
69098 69099 69111 69110 #UTIL: 319786101.00000
69116 69114 69099 69104 69111 69110 #UTIL: 227298051.00000
69112 69099 69102 69111 69110 #UTIL: 340793679.00000
69109 69114 69112 69099 69104 69102 69110 #UTIL: 222299164.00000
69119 69124 #UTIL: 477627610.00000
69105 69098 69099 69104 69102 69110 #UTIL: 233313376.00000
69109 69104 69102 69110 #UTIL: 259439883.00000
69112 69104 69102 69110 #UTIL: 299677701.00000
69120 69123 69119 69121 69124 #UTIL: 309768515.00000
69105 69114 69099 69104 69102 69111 #UTIL: 226485850.00000
69105 69111 69110 #UTIL: 313767731.00000
69100 69114 69104 69111 69110 #UTIL: 234532410.00000
69119 69124 69122 #UTIL: 1037924961.00000
69098 69110 #UTIL: 275916758.00000
69100 69104 69111 69110 #UTIL: 256129899.00000
69115 69102 69111 69110 #UTIL: 293913246.00000
69105 69098 69114 69099 69102 69111 69110 #UTIL: 255177791.00000
69109 69098 69114 69112 69104 69102 69111 69110 #UTIL: 248453594.00000
69109 69098 69114 69102 69111 69110 #UTIL: 262978746.00000
69105 69112 69104 69102 69110 #UTIL: 248807107.00000
69119 69122 #UTIL: 893122986.00000
69117 69112 69104 69111 69110 #UTIL: 225835561.00000
69105 69112 69104 69102 69111 #UTIL: 238229383.00000
69116 69114 69102 69111 69110 #UTIL: 253094588.00000
69120 69125 69122 #UTIL: 486903022.00000
69110 #UTIL: 332365753.00000
69098 69112 69099 69111 #UTIL: 228774251.00000
69115 69114 69112 69099 69104 69102 69111 69110 #UTIL: 236593869.00000
69120 69125 69124 69122 #UTIL: 599084574.00000
69098 69112 69099 69111 69110 #UTIL: 291802484.00000
69105 69114 69111 69110 #UTIL: 278245952.00000
69115 69098 69099 69111 69110 #UTIL: 234426456.00000
69120 69123 69124 #UTIL: 223629371.00000
69114 69112 69099 69104 69102 69111 #UTIL: 251428068.00000
69115 69105 69114 69104 69102 69111 69110 #UTIL: 225374508.00000
69117 69102 69111 69110 #UTIL: 262057462.00000
69120 69123 69119 69125 69121 69124 69122 #UTIL: 543935955.00000
69105 69109 69098 69114 69102 69111 69110 #UTIL: 225960893.00000
69109 69112 69102 69111 69110 #UTIL: 296047260.00000
69114 69112 69102 69111 69110 #UTIL: 329298353.00000
69125 69121 #UTIL: 357630011.00000
69098 69114 69104 69110 #UTIL: 244786057.00000
69098 69102 69111 69110 #UTIL: 362121266.00000
69115 69098 69104 69111 69110 #UTIL: 243607679.00000
69125 69121 69124 #UTIL: 542451226.00000
69109 69111 69110 #UTIL: 308933751.00000
69098 69112 69102 69111 #UTIL: 258994554.00000
69100 69102 69111 69110 #UTIL: 278637553.00000
69115 69112 69104 69102 69111 69110 #UTIL: 267056883.00000
69100 69099 69111 69110 #UTIL: 246070541.00000
69098 69099 69102 69110 #UTIL: 280050159.00000
69111 69110 #UTIL: 425122408.00000
69125 69121 69124 69122 #UTIL: 1042158835.00000
69115 69112 69099 69111 69110 #UTIL: 241364060.00000
69120 69121 69124 #UTIL: 311289695.00000
69105 69098 69114 69112 69111 69110 #UTIL: 237954531.00000
69120 69123 69121 69124 69122 #UTIL: 539200629.00000
69109 69102 69111 #UTIL: 243210146.00000
69098 69114 69099 69102 69111 69110 #UTIL: 302274069.00000
69112 69099 69104 69102 69111 #UTIL: 270978609.00000
69125 69121 69122 #UTIL: 893642172.00000
69098 69112 69099 69104 69102 69111 69110 #UTIL: 300082721.00000
69098 69104 69102 69110 #UTIL: 291190619.00000
69114 69112 69104 69111 69110 #UTIL: 305898528.00000
69105 69114 69099 69111 69110 #UTIL: 264366272.00000
69109 69098 69114 69099 69102 69111 69110 #UTIL: 251863837.00000
69115 69098 69114 69104 69102 69111 69110 #UTIL: 240670054.00000
69105 69109 69104 69102 69111 69110 #UTIL: 261889025.00000
69125 69124 #UTIL: 460171658.00000
69109 69114 69102 69111 69110 #UTIL: 289812407.00000
69115 69112 69104 69111 69110 #UTIL: 251905649.00000
69115 69112 69111 69110 #UTIL: 254656257.00000
69120 69123 69119 69121 69122 #UTIL: 454180074.00000
69099 69102 69111 #UTIL: 298255155.00000
69104 69102 69110 #UTIL: 329905250.00000
69098 69111 69110 #UTIL: 350061507.00000
69125 69124 69122 #UTIL: 1036965491.00000
69114 69099 69104 69111 69110 #UTIL: 313468764.00000
69109 69112 69099 69104 69102 69111 69110 #UTIL: 274626920.00000
69109 69114 69099 69104 69111 69110 #UTIL: 257721704.00000
69105 69099 69111 69110 #UTIL: 290514213.00000
69115 69112 69102 69111 69110 #UTIL: 271239567.00000
69105 69098 69111 69110 #UTIL: 275365712.00000
69098 69114 69112 69099 69104 69111 69110 #UTIL: 265523145.00000
69125 69122 #UTIL: 879715453.00000
69116 69114 69104 69102 69111 69110 #UTIL: 250930444.00000
69121 #UTIL: 301895339.00000
69105 69109 69112 69102 69111 69110 #UTIL: 249289205.00000
69120 69121 69122 #UTIL: 533343142.00000
69098 69099 69111 #UTIL: 243442588.00000
69098 69114 69102 69110 #UTIL: 267932895.00000
69112 69099 69110 #UTIL: 266975210.00000
69120 69121 69124 69122 #UTIL: 645972961.00000
69105 69102 69111 69110 #UTIL: 328917973.00000
69098 69114 69099 69104 69102 69111 69110 #UTIL: 296655804.00000
69116 69112 69102 69111 69110 #UTIL: 258697055.00000
69114 69099 69104 69102 69111 #UTIL: 267348366.00000
69099 69102 69110 #UTIL: 318526563.00000
69114 69111 #UTIL: 249677784.00000
69109 69098 69111 69110 #UTIL: 270948696.00000
69120 69123 69119 69121 69124 69122 #UTIL: 539875082.00000
69105 69109 69112 69111 69110 #UTIL: 233876132.00000
69100 69104 69102 69111 69110 #UTIL: 272901439.00000
69116 69114 69099 69104 69102 69111 69110 #UTIL: 241205519.00000
69121 69124 #UTIL: 527447461.00000
69109 69112 69099 69102 69110 #UTIL: 234295898.00000
69105 69098 69114 69112 69104 69102 69111 69110 #UTIL: 251923426.00000
69098 69114 69112 69102 69110 #UTIL: 250572960.00000
69121 69124 69122 #UTIL: 1138652304.00000
69098 69112 69104 69102 69110 #UTIL: 271431861.00000
69117 69104 69111 69110 #UTIL: 240716300.00000
69105 69109 69098 69104 69102 69111 69110 #UTIL: 241084607.00000
69114 69112 69104 69110 #UTIL: 251241168.00000
69109 69114 69112 69104 69102 69111 69110 #UTIL: 268049700.00000
69109 69112 69099 69102 69111 69110 #UTIL: 277818542.00000
69116 69111 69110 #UTIL: 260489372.00000
69121 69122 #UTIL: 998803860.00000
69105 69098 69099 69104 69102 69111 69110 #UTIL: 271459005.00000
69120 69123 69121 69124 #UTIL: 280711715.00000
69109 69098 69112 69104 69102 69111 69110 #UTIL: 266133886.00000
69124 #UTIL: 426744513.00000
69105 69109 69102 69111 69110 #UTIL: 264332262.00000
69112 69102 69110 #UTIL: 307772676.00000
69098 69114 69099 69110 #UTIL: 238280703.00000
69120 69123 69121 69122 #UTIL: 444996245.00000